1	1	1	1	1	1	662	6	28	60.75	7.01
1	1	1	1	1	2	626	6	27	48.60	-14.03
1	1	1	1	1	3	590	6	26	60.75	-35.07
1	1	1	1	1	4	554	6	25	48.60	-56.12
1	1	1	1	1	5	661	7	32	36.45	7.01
1	1	1	1	1	6	625	7	31	24.30	-14.03
1	1	1	1	1	7	589	7	30	36.45	-35.07
1	1	1	1	1	8	553	7	29	24.30	-56.12
1	1	1	1	1	9	624	8	34	0.00	-14.03
1	1	1	1	1	10	588	8	33	12.15	-35.07
1	1	1	1	1	11	552	8	36	0.00	-56.12
1	1	1	1	1	12	516	8	35	12.15	-77.16
1	2	4	1	1	1	518	9	40	60.75	-77.16
1	2	4	1	1	2	482	9	39	48.60	-98.21
1	2	4	1	1	3	446	9	38	60.75	-119.25
1	2	4	1	1	4	410	9	37	48.60	-140.30
1	2	4	1	1	5	517	10	44	36.45	-77.16
1	2	4	1	1	6	481	10	43	24.30	-98.21
1	2	4	1	1	7	445	10	42	36.45	-119.25
1	2	4	1	1	8	409	10	41	24.30	-140.30
1	2	4	1	1	9	480	11	46	0.00	-98.21
1	2	4	1	1	10	444	11	45	12.15	-119.25
1	2	4	1	1	11	408	11	48	0.00	-140.30
1	2	4	1	1	12	372	11	47	12.15	-161.34
1	3	5	1	1	1	593	3	16	133.65	-35.07
1	3	5	1	1	2	557	3	15	121.50	-56.12
1	3	5	1	1	3	521	3	14	133.65	-77.16
1	3	5	1	1	4	485	3	13	121.50	-98.21
1	3	5	1	1	5	592	4	20	109.35	-35.07
1	3	5	1	1	6	556	4	19	97.20	-56.12
1	3	5	1	1	7	520	4	18	109.35	-77.16
1	3	5	1	1	8	484	4	17	97.20	-98.21
1	3	5	1	1	9	555	5	22	72.90	-56.12
1	3	5	1	1	10	519	5	21	85.05	-77.16
1	3	5	1	1	11	483	5	24	72.90	-98.21
1	3	5	1	1	12	447	5	23	85.05	-119.25
1	4	6	1	1	1	737	0	4	133.65	49.10
1	4	6	1	1	2	701	0	3	121.50	28.06
1	4	6	1	1	3	665	0	2	133.65	7.01
1	4	6	1	1	4	629	0	1	121.50	-14.03
1	4	6	1	1	5	736	1	8	109.35	49.10
1	4	6	1	1	6	700	1	7	97.20	28.06
1	4	6	1	1	7	664	1	6	109.35	7.01
1	4	6	1	1	8	628	1	5	97.20	-14.03
1	4	6	1	1	9	699	2	10	72.90	28.06
1	4	6	1	1	10	663	2	9	85.05	7.01
1	4	6	1	1	11	627	2	12	72.90	-14.03
1	4	6	1	1	12	591	2	11	85.05	-35.07
1	5	13	1	2	1	374	6	28	60.75	-161.34
1	5	13	1	2	2	338	6	27	48.60	-182.39
1	5	13	1	2	3	302	6	26	60.75	-203.43
1	5	13	1	2	4	266	6	25	48.60	-224.47
1	5	13	1	2	5	373	7	32	36.45	-161.34
1	5	13	1	2	6	337	7	31	24.30	-182.39
1	5	13	1	2	7	301	7	30	36.45	-203.43
1	5	13	1	2	8	265	7	29	24.30	-224.47
1	5	13	1	2	9	336	8	34	0.00	-182.39
1	5	13	1	2	10	300	8	33	12.15	-203.43
1	5	13	1	2	11	264	8	36	0.00	-224.47
1	5	13	1	2	12	228	8	35	12.15	-245.52
1	6	14	1	2	1	449	0	4	133.65	-119.25
1	6	14	1	2	2	413	0	3	121.50	-140.30
1	6	14	1	2	3	377	0	2	133.65	-161.34
1	6	14	1	2	4	341	0	1	121.50	-182.39
1	6	14	1	2	5	448	1	8	109.35	-119.25
1	6	14	1	2	6	412	1	7	97.20	-140.30
1	6	14	1	2	7	376	1	6	109.35	-161.34
1	6	14	1	2	8	340	1	5	97.20	-182.39
1	6	14	1	2	9	411	2	10	72.90	-140.30
1	6	14	1	2	10	375	2	9	85.05	-161.34
1	6	14	1	2	11	339	2	12	72.90	-182.39
1	6	14	1	2	12	303	2	11	85.05	-203.43
1	7	15	1	5	1	524	6	28	206.55	-77.16
1	7	15	1	5	2	488	6	27	194.40	-98.21
1	7	15	1	5	3	452	6	26	206.55	-119.25
1	7	15	1	5	4	416	6	25	194.40	-140.30
1	7	15	1	5	5	523	7	32	182.25	-77.16
1	7	15	1	5	6	487	7	31	170.10	-98.21
1	7	15	1	5	7	451	7	30	182.25	-119.25
1	7	15	1	5	8	415	7	29	170.10	-140.30
1	7	15	1	5	9	486	8	34	145.80	-98.21
1	7	15	1	5	10	450	8	33	157.95	-119.25
1	7	15	1	5	11	414	8	36	145.80	-140.30
1	7	15	1	5	12	378	8	35	157.95	-161.34
1	8	16	1	4	1	668	9	40	206.55	7.01
1	8	16	1	4	2	632	9	39	194.40	-14.03
1	8	16	1	4	3	596	9	38	206.55	-35.07
1	8	16	1	4	4	560	9	37	194.40	-56.12
1	8	16	1	4	5	667	10	44	182.25	7.01
1	8	16	1	4	6	631	10	43	170.10	-14.03
1	8	16	1	4	7	595	10	42	182.25	-35.07
1	8	16	1	4	8	559	10	41	170.10	-56.12
1	8	16	1	4	9	630	11	46	145.80	-14.03
1	8	16	1	4	10	594	11	45	157.95	-35.07
1	8	16	1	4	11	558	11	48	145.80	-56.12
1	8	16	1	4	12	522	11	47	157.95	-77.16
1	9	17	1	4	1	812	6	28	206.55	91.19
1	9	17	1	4	2	776	6	27	194.40	70.15
1	9	17	1	4	3	740	6	26	206.55	49.10
1	9	17	1	4	4	704	6	25	194.40	28.06
1	9	17	1	4	5	811	7	32	182.25	91.19
1	9	17	1	4	6	775	7	31	170.10	70.15
1	9	17	1	4	7	739	7	30	182.25	49.10
1	9	17	1	4	8	703	7	29	170.10	28.06
1	9	17	1	4	9	774	8	34	145.80	70.15
1	9	17	1	4	10	738	8	33	157.95	49.10
1	9	17	1	4	11	702	8	36	145.80	28.06
1	9	17	1	4	12	666	8	35	157.95	7.01
1	10	28	1	2	1	230	9	40	60.75	-245.52
1	10	28	1	2	2	194	9	39	48.60	-266.56
1	10	28	1	2	3	162	9	38	60.75	-287.61
1	10	28	1	2	4	132	9	37	48.60	-308.65
1	10	28	1	2	5	229	10	44	36.45	-245.52
1	10	28	1	2	6	193	10	43	24.30	-266.56
1	10	28	1	2	7	161	10	42	36.45	-287.61
1	10	28	1	2	8	131	10	41	24.30	-308.65
1	10	28	1	2	9	192	11	46	0.00	-266.56
1	10	28	1	2	10	160	11	45	12.15	-287.61
1	10	28	1	2	11	130	11	48	0.00	-308.65
1	10	28	1	2	12	104	11	47	12.15	-329.70
1	11	29	1	2	1	305	3	16	133.65	-203.43
1	11	29	1	2	2	269	3	15	121.50	-224.47
1	11	29	1	2	3	233	3	14	133.65	-245.52
1	11	29	1	2	4	197	3	13	121.50	-266.56
1	11	29	1	2	5	304	4	20	109.35	-203.43
1	11	29	1	2	6	268	4	19	97.20	-224.47
1	11	29	1	2	7	232	4	18	109.35	-245.52
1	11	29	1	2	8	196	4	17	97.20	-266.56
1	11	29	1	2	9	267	5	22	72.90	-224.47
1	11	29	1	2	10	231	5	21	85.05	-245.52
1	11	29	1	2	11	195	5	24	72.90	-266.56
1	11	29	1	2	12	163	5	23	85.05	-287.61
1	12	30	1	5	1	380	9	40	206.55	-161.34
1	12	30	1	5	2	344	9	39	194.40	-182.39
1	12	30	1	5	3	308	9	38	206.55	-203.43
1	12	30	1	5	4	272	9	37	194.40	-224.47
1	12	30	1	5	5	379	10	44	182.25	-161.34
1	12	30	1	5	6	343	10	43	170.10	-182.39
1	12	30	1	5	7	307	10	42	182.25	-203.43
1	12	30	1	5	8	271	10	41	170.10	-224.47
1	12	30	1	5	9	342	11	46	145.80	-182.39
1	12	30	1	5	10	306	11	45	157.95	-203.43
1	12	30	1	5	11	270	11	48	145.80	-224.47
1	12	30	1	5	12	234	11	47	157.95	-245.52
1	13	31	1	5	1	455	3	16	279.45	-119.25
1	13	31	1	5	2	419	3	15	267.30	-140.30
1	13	31	1	5	3	383	3	14	279.45	-161.34
1	13	31	1	5	4	347	3	13	267.30	-182.39
1	13	31	1	5	5	454	4	20	255.15	-119.25
1	13	31	1	5	6	418	4	19	243.00	-140.30
1	13	31	1	5	7	382	4	18	255.15	-161.34
1	13	31	1	5	8	346	4	17	243.00	-182.39
1	13	31	1	5	9	417	5	22	218.70	-140.30
1	13	31	1	5	10	381	5	21	230.85	-161.34
1	13	31	1	5	11	345	5	24	218.70	-182.39
1	13	31	1	5	12	309	5	23	230.85	-203.43
1	14	32	1	5	1	599	0	4	279.45	-35.07
1	14	32	1	5	2	563	0	3	267.30	-56.12
1	14	32	1	5	3	527	0	2	279.45	-77.16
1	14	32	1	5	4	491	0	1	267.30	-98.21
1	14	32	1	5	5	598	1	8	255.15	-35.07
1	14	32	1	5	6	562	1	7	243.00	-56.12
1	14	32	1	5	7	526	1	6	255.15	-77.16
1	14	32	1	5	8	490	1	5	243.00	-98.21
1	14	32	1	5	9	561	2	10	218.70	-56.12
1	14	32	1	5	10	525	2	9	230.85	-77.16
1	14	32	1	5	11	489	2	12	218.70	-98.21
1	14	32	1	5	12	453	2	11	230.85	-119.25
1	15	33	1	4	1	743	3	16	279.45	49.10
1	15	33	1	4	2	707	3	15	267.30	28.06
1	15	33	1	4	3	671	3	14	279.45	7.01
1	15	33	1	4	4	635	3	13	267.30	-14.03
1	15	33	1	4	5	742	4	20	255.15	49.10
1	15	33	1	4	6	706	4	19	243.00	28.06
1	15	33	1	4	7	670	4	18	255.15	7.01
1	15	33	1	4	8	634	4	17	243.00	-14.03
1	15	33	1	4	9	705	5	22	218.70	28.06
1	15	33	1	4	10	669	5	21	230.85	7.01
1	15	33	1	4	11	633	5	24	218.70	-14.03
1	15	33	1	4	12	597	5	23	230.85	-35.07
1	16	34	1	4	1	887	0	4	279.45	133.28
1	16	34	1	4	2	851	0	3	267.30	112.24
1	16	34	1	4	3	815	0	2	279.45	91.19
1	16	34	1	4	4	779	0	1	267.30	70.15
1	16	34	1	4	5	886	1	8	255.15	133.28
1	16	34	1	4	6	850	1	7	243.00	112.24
1	16	34	1	4	7	814	1	6	255.15	91.19
1	16	34	1	4	8	778	1	5	243.00	70.15
1	16	34	1	4	9	849	2	10	218.70	112.24
1	16	34	1	4	10	813	2	9	230.85	91.19
1	16	34	1	4	11	777	2	12	218.70	70.15
1	16	34	1	4	12	741	2	11	230.85	49.10
1	17	49	1	3	1	106	6	28	60.75	-329.70
1	17	49	1	3	2	82	6	27	48.60	-350.74
1	17	49	1	3	3	62	6	26	60.75	-371.79
1	17	49	1	3	4	44	6	25	48.60	-392.83
1	17	49	1	3	5	105	7	32	36.45	-329.70
1	17	49	1	3	6	81	7	31	24.30	-350.74
1	17	49	1	3	7	61	7	30	36.45	-371.79
1	17	49	1	3	8	43	7	29	24.30	-392.83
1	17	49	1	3	9	80	8	34	0.00	-350.74
1	17	49	1	3	10	60	8	33	12.15	-371.79
1	17	49	1	3	11	42	8	36	0.00	-392.83
1	17	49	1	3	12	28	8	35	12.15	-413.87
1	18	50	1	3	1	165	0	4	133.65	-287.61
1	18	50	1	3	2	135	0	3	121.50	-308.65
1	18	50	1	3	3	109	0	2	133.65	-329.70
1	18	50	1	3	4	85	0	1	121.50	-350.74
1	18	50	1	3	5	164	1	8	109.35	-287.61
1	18	50	1	3	6	134	1	7	97.20	-308.65
1	18	50	1	3	7	108	1	6	109.35	-329.70
1	18	50	1	3	8	84	1	5	97.20	-350.74
1	18	50	1	3	9	133	2	10	72.90	-308.65
1	18	50	1	3	10	107	2	9	85.05	-329.70
1	18	50	1	3	11	83	2	12	72.90	-350.74
1	18	50	1	3	12	63	2	11	85.05	-371.79
1	19	51	1	6	1	236	6	28	206.55	-245.52
1	19	51	1	6	2	200	6	27	194.40	-266.56
1	19	51	1	6	3	168	6	26	206.55	-287.61
1	19	51	1	6	4	138	6	25	194.40	-308.65
1	19	51	1	6	5	235	7	32	182.25	-245.52
1	19	51	1	6	6	199	7	31	170.10	-266.56
1	19	51	1	6	7	167	7	30	182.25	-287.61
1	19	51	1	6	8	137	7	29	170.10	-308.65
1	19	51	1	6	9	198	8	34	145.80	-266.56
1	19	51	1	6	10	166	8	33	157.95	-287.61
1	19	51	1	6	11	136	8	36	145.80	-308.65
1	19	51	1	6	12	110	8	35	157.95	-329.70
1	20	52	1	6	1	311	0	4	279.45	-203.43
1	20	52	1	6	2	275	0	3	267.30	-224.47
1	20	52	1	6	3	239	0	2	279.45	-245.52
1	20	52	1	6	4	203	0	1	267.30	-266.56
1	20	52	1	6	5	310	1	8	255.15	-203.43
1	20	52	1	6	6	274	1	7	243.00	-224.47
1	20	52	1	6	7	238	1	6	255.15	-245.52
1	20	52	1	6	8	202	1	5	243.00	-266.56
1	20	52	1	6	9	273	2	10	218.70	-224.47
1	20	52	1	6	10	237	2	9	230.85	-245.52
1	20	52	1	6	11	201	2	12	218.70	-266.56
1	20	52	1	6	12	169	2	11	230.85	-287.61
1	21	53	1	9	1	386	6	28	352.35	-161.34
1	21	53	1	9	2	350	6	27	340.20	-182.39
1	21	53	1	9	3	314	6	26	352.35	-203.43
1	21	53	1	9	4	278	6	25	340.20	-224.47
1	21	53	1	9	5	385	7	32	328.05	-161.34
1	21	53	1	9	6	349	7	31	315.90	-182.39
1	21	53	1	9	7	313	7	30	328.05	-203.43
1	21	53	1	9	8	277	7	29	315.90	-224.47
1	21	53	1	9	9	348	8	34	291.60	-182.39
1	21	53	1	9	10	312	8	33	303.75	-203.43
1	21	53	1	9	11	276	8	36	291.60	-224.47
1	21	53	1	9	12	240	8	35	303.75	-245.52
1	22	54	1	8	1	530	9	40	352.35	-77.16
1	22	54	1	8	2	494	9	39	340.20	-98.21
1	22	54	1	8	3	458	9	38	352.35	-119.25
1	22	54	1	8	4	422	9	37	340.20	-140.30
1	22	54	1	8	5	529	10	44	328.05	-77.16
1	22	54	1	8	6	493	10	43	315.90	-98.21
1	22	54	1	8	7	457	10	42	328.05	-119.25
1	22	54	1	8	8	421	10	41	315.90	-140.30
1	22	54	1	8	9	492	11	46	291.60	-98.21
1	22	54	1	8	10	456	11	45	303.75	-119.25
1	22	54	1	8	11	420	11	48	291.60	-140.30
1	22	54	1	8	12	384	11	47	303.75	-161.34
1	23	55	1	8	1	674	6	28	352.35	7.01
1	23	55	1	8	2	638	6	27	340.20	-14.03
1	23	55	1	8	3	602	6	26	352.35	-35.07
1	23	55	1	8	4	566	6	25	340.20	-56.12
1	23	55	1	8	5	673	7	32	328.05	7.01
1	23	55	1	8	6	637	7	31	315.90	-14.03
1	23	55	1	8	7	601	7	30	328.05	-35.07
1	23	55	1	8	8	565	7	29	315.90	-56.12
1	23	55	1	8	9	636	8	34	291.60	-14.03
1	23	55	1	8	10	600	8	33	303.75	-35.07
1	23	55	1	8	11	564	8	36	291.60	-56.12
1	23	55	1	8	12	528	8	35	303.75	-77.16
1	24	56	1	7	1	818	9	40	352.35	91.19
1	24	56	1	7	2	782	9	39	340.20	70.15
1	24	56	1	7	3	746	9	38	352.35	49.10
1	24	56	1	7	4	710	9	37	340.20	28.06
1	24	56	1	7	5	817	10	44	328.05	91.19
1	24	56	1	7	6	781	10	43	315.90	70.15
1	24	56	1	7	7	745	10	42	328.05	49.10
1	24	56	1	7	8	709	10	41	315.90	28.06
1	24	56	1	7	9	780	11	46	291.60	70.15
1	24	56	1	7	10	744	11	45	303.75	49.10
1	24	56	1	7	11	708	11	48	291.60	28.06
1	24	56	1	7	12	672	11	47	303.75	7.01
1	25	57	1	7	1	962	6	28	352.35	175.37
1	25	57	1	7	2	926	6	27	340.20	154.33
1	25	57	1	7	3	890	6	26	352.35	133.28
1	25	57	1	7	4	854	6	25	340.20	112.24
1	25	57	1	7	5	961	7	32	328.05	175.37
1	25	57	1	7	6	925	7	31	315.90	154.33
1	25	57	1	7	7	889	7	30	328.05	133.28
1	25	57	1	7	8	853	7	29	315.90	112.24
1	25	57	1	7	9	924	8	34	291.60	154.33
1	25	57	1	7	10	888	8	33	303.75	133.28
1	25	57	1	7	11	852	8	36	291.60	112.24
1	25	57	1	7	12	816	8	35	303.75	91.19
1	26	76	1	3	1	30	9	40	60.75	-413.87
1	26	76	1	3	2	18	9	39	48.60	-434.92
1	26	76	1	3	3	10	9	38	60.75	-455.96
1	26	76	1	3	4	4	9	37	48.60	-477.01
1	26	76	1	3	5	29	10	44	36.45	-413.87
1	26	76	1	3	6	17	10	43	24.30	-434.92
1	26	76	1	3	7	9	10	42	36.45	-455.96
1	26	76	1	3	8	3	10	41	24.30	-477.01
1	26	76	1	3	9	16	11	46	0.00	-434.92
1	26	76	1	3	10	8	11	45	12.15	-455.96
1	26	76	1	3	11	2	11	48	0.00	-477.01
1	26	76	1	3	12	0	11	47	12.15	-498.05
1	27	77	1	3	1	65	3	16	133.65	-371.79
1	27	77	1	3	2	47	3	15	121.50	-392.83
1	27	77	1	3	3	33	3	14	133.65	-413.87
1	27	77	1	3	4	21	3	13	121.50	-434.92
1	27	77	1	3	5	64	4	20	109.35	-371.79
1	27	77	1	3	6	46	4	19	97.20	-392.83
1	27	77	1	3	7	32	4	18	109.35	-413.87
1	27	77	1	3	8	20	4	17	97.20	-434.92
1	27	77	1	3	9	45	5	22	72.90	-392.83
1	27	77	1	3	10	31	5	21	85.05	-413.87
1	27	77	1	3	11	19	5	24	72.90	-434.92
1	27	77	1	3	12	11	5	23	85.05	-455.96
1	28	78	1	6	1	112	9	40	206.55	-329.70
1	28	78	1	6	2	88	9	39	194.40	-350.74
1	28	78	1	6	3	68	9	38	206.55	-371.79
1	28	78	1	6	4	50	9	37	194.40	-392.83
1	28	78	1	6	5	111	10	44	182.25	-329.70
1	28	78	1	6	6	87	10	43	170.10	-350.74
1	28	78	1	6	7	67	10	42	182.25	-371.79
1	28	78	1	6	8	49	10	41	170.10	-392.83
1	28	78	1	6	9	86	11	46	145.80	-350.74
1	28	78	1	6	10	66	11	45	157.95	-371.79
1	28	78	1	6	11	48	11	48	145.80	-392.83
1	28	78	1	6	12	34	11	47	157.95	-413.87
1	29	79	1	6	1	171	3	16	279.45	-287.61
1	29	79	1	6	2	141	3	15	267.30	-308.65
1	29	79	1	6	3	115	3	14	279.45	-329.70
1	29	79	1	6	4	91	3	13	267.30	-350.74
1	29	79	1	6	5	170	4	20	255.15	-287.61
1	29	79	1	6	6	140	4	19	243.00	-308.65
1	29	79	1	6	7	114	4	18	255.15	-329.70
1	29	79	1	6	8	90	4	17	243.00	-350.74
1	29	79	1	6	9	139	5	22	218.70	-308.65
1	29	79	1	6	10	113	5	21	230.85	-329.70
1	29	79	1	6	11	89	5	24	218.70	-350.74
1	29	79	1	6	12	69	5	23	230.85	-371.79
1	30	80	1	9	1	242	9	40	352.35	-245.52
1	30	80	1	9	2	206	9	39	340.20	-266.56
1	30	80	1	9	3	174	9	38	352.35	-287.61
1	30	80	1	9	4	144	9	37	340.20	-308.65
1	30	80	1	9	5	241	10	44	328.05	-245.52
1	30	80	1	9	6	205	10	43	315.90	-266.56
1	30	80	1	9	7	173	10	42	328.05	-287.61
1	30	80	1	9	8	143	10	41	315.90	-308.65
1	30	80	1	9	9	204	11	46	291.60	-266.56
1	30	80	1	9	10	172	11	45	303.75	-287.61
1	30	80	1	9	11	142	11	48	291.60	-308.65
1	30	80	1	9	12	116	11	47	303.75	-329.70
1	31	81	1	9	1	317	3	16	425.25	-203.43
1	31	81	1	9	2	281	3	15	413.10	-224.47
1	31	81	1	9	3	245	3	14	425.25	-245.52
1	31	81	1	9	4	209	3	13	413.10	-266.56
1	31	81	1	9	5	316	4	20	400.95	-203.43
1	31	81	1	9	6	280	4	19	388.80	-224.47
1	31	81	1	9	7	244	4	18	400.95	-245.52
1	31	81	1	9	8	208	4	17	388.80	-266.56
1	31	81	1	9	9	279	5	22	364.50	-224.47
1	31	81	1	9	10	243	5	21	376.65	-245.52
1	31	81	1	9	11	207	5	24	364.50	-266.56
1	31	81	1	9	12	175	5	23	376.65	-287.61
1	32	82	1	9	1	461	0	4	425.25	-119.25
1	32	82	1	9	2	425	0	3	413.10	-140.30
1	32	82	1	9	3	389	0	2	425.25	-161.34
1	32	82	1	9	4	353	0	1	413.10	-182.39
1	32	82	1	9	5	460	1	8	400.95	-119.25
1	32	82	1	9	6	424	1	7	388.80	-140.30
1	32	82	1	9	7	388	1	6	400.95	-161.34
1	32	82	1	9	8	352	1	5	388.80	-182.39
1	32	82	1	9	9	423	2	10	364.50	-140.30
1	32	82	1	9	10	387	2	9	376.65	-161.34
1	32	82	1	9	11	351	2	12	364.50	-182.39
1	32	82	1	9	12	315	2	11	376.65	-203.43
1	33	83	1	8	1	605	3	16	425.25	-35.07
1	33	83	1	8	2	569	3	15	413.10	-56.12
1	33	83	1	8	3	533	3	14	425.25	-77.16
1	33	83	1	8	4	497	3	13	413.10	-98.21
1	33	83	1	8	5	604	4	20	400.95	-35.07
1	33	83	1	8	6	568	4	19	388.80	-56.12
1	33	83	1	8	7	532	4	18	400.95	-77.16
1	33	83	1	8	8	496	4	17	388.80	-98.21
1	33	83	1	8	9	567	5	22	364.50	-56.12
1	33	83	1	8	10	531	5	21	376.65	-77.16
1	33	83	1	8	11	495	5	24	364.50	-98.21
1	33	83	1	8	12	459	5	23	376.65	-119.25
1	34	84	1	8	1	749	0	4	425.25	49.10
1	34	84	1	8	2	713	0	3	413.10	28.06
1	34	84	1	8	3	677	0	2	425.25	7.01
1	34	84	1	8	4	641	0	1	413.10	-14.03
1	34	84	1	8	5	748	1	8	400.95	49.10
1	34	84	1	8	6	712	1	7	388.80	28.06
1	34	84	1	8	7	676	1	6	400.95	7.01
1	34	84	1	8	8	640	1	5	388.80	-14.03
1	34	84	1	8	9	711	2	10	364.50	28.06
1	34	84	1	8	10	675	2	9	376.65	7.01
1	34	84	1	8	11	639	2	12	364.50	-14.03
1	34	84	1	8	12	603	2	11	376.65	-35.07
1	35	85	1	7	1	893	3	16	425.25	133.28
1	35	85	1	7	2	857	3	15	413.10	112.24
1	35	85	1	7	3	821	3	14	425.25	91.19
1	35	85	1	7	4	785	3	13	413.10	70.15
1	35	85	1	7	5	892	4	20	400.95	133.28
1	35	85	1	7	6	856	4	19	388.80	112.24
1	35	85	1	7	7	820	4	18	400.95	91.19
1	35	85	1	7	8	784	4	17	388.80	70.15
1	35	85	1	7	9	855	5	22	364.50	112.24
1	35	85	1	7	10	819	5	21	376.65	91.19
1	35	85	1	7	11	783	5	24	364.50	70.15
1	35	85	1	7	12	747	5	23	376.65	49.10
1	36	86	1	7	1	1037	0	4	425.25	217.46
1	36	86	1	7	2	1001	0	3	413.10	196.42
1	36	86	1	7	3	965	0	2	425.25	175.37
1	36	86	1	7	4	929	0	1	413.10	154.33
1	36	86	1	7	5	1036	1	8	400.95	217.46
1	36	86	1	7	6	1000	1	7	388.80	196.42
1	36	86	1	7	7	964	1	6	400.95	175.37
1	36	86	1	7	8	928	1	5	388.80	154.33
1	36	86	1	7	9	999	2	10	364.50	196.42
1	36	86	1	7	10	963	2	9	376.65	175.37
1	36	86	1	7	11	927	2	12	364.50	154.33
1	36	86	1	7	12	891	2	11	376.65	133.28
2	1	2	2	1	1	730	6	28	-36.45	49.10
2	1	2	2	1	2	731	6	27	-12.15	49.10
2	1	2	2	1	3	768	6	26	0.00	70.15
2	1	2	2	1	4	769	6	25	24.30	70.15
2	1	2	2	1	5	695	7	32	-24.30	28.06
2	1	2	2	1	6	696	7	31	0.00	28.06
2	1	2	2	1	7	732	7	30	12.15	49.10
2	1	2	2	1	8	733	7	29	36.45	49.10
2	1	2	2	1	9	660	8	34	12.15	7.01
2	1	2	2	1	10	697	8	33	24.30	28.06
2	1	2	2	1	11	698	8	36	48.60	28.06
2	1	2	2	1	12	734	8	35	60.75	49.10
2	2	7	2	1	1	805	9	40	36.45	91.19
2	2	7	2	1	2	806	9	39	60.75	91.19
2	2	7	2	1	3	843	9	38	72.90	112.24
2	2	7	2	1	4	844	9	37	97.20	112.24
2	2	7	2	1	5	770	10	44	48.60	70.15
2	2	7	2	1	6	771	10	43	72.90	70.15
2	2	7	2	1	7	807	10	42	85.05	91.19
2	2	7	2	1	8	808	10	41	109.35	91.19
2	2	7	2	1	9	735	11	46	85.05	49.10
2	2	7	2	1	10	772	11	45	97.20	70.15
2	2	7	2	1	11	773	11	48	121.50	70.15
2	2	7	2	1	12	809	11	47	133.65	91.19
2	3	8	2	1	1	874	3	16	-36.45	133.28
2	3	8	2	1	2	875	3	15	-12.15	133.28
2	3	8	2	1	3	912	3	14	0.00	154.33
2	3	8	2	1	4	913	3	13	24.30	154.33
2	3	8	2	1	5	839	4	20	-24.30	112.24
2	3	8	2	1	6	840	4	19	0.00	112.24
2	3	8	2	1	7	876	4	18	12.15	133.28
2	3	8	2	1	8	877	4	17	36.45	133.28
2	3	8	2	1	9	804	5	22	12.15	91.19
2	3	8	2	1	10	841	5	21	24.30	112.24
2	3	8	2	1	11	842	5	24	48.60	112.24
2	3	8	2	1	12	878	5	23	60.75	133.28
2	4	9	2	1	1	799	0	4	-109.35	91.19
2	4	9	2	1	2	800	0	3	-85.05	91.19
2	4	9	2	1	3	837	0	2	-72.90	112.24
2	4	9	2	1	4	838	0	1	-48.60	112.24
2	4	9	2	1	5	764	1	8	-97.20	70.15
2	4	9	2	1	6	765	1	7	-72.90	70.15
2	4	9	2	1	7	801	1	6	-60.75	91.19
2	4	9	2	1	8	802	1	5	-36.45	91.19
2	4	9	2	1	9	729	2	10	-60.75	49.10
2	4	9	2	1	10	766	2	9	-48.60	70.15
2	4	9	2	1	11	767	2	12	-24.30	70.15
2	4	9	2	1	12	803	2	11	-12.15	91.19
2	5	18	2	2	1	880	6	28	109.35	133.28
2	5	18	2	2	2	881	6	27	133.65	133.28
2	5	18	2	2	3	918	6	26	145.80	154.33
2	5	18	2	2	4	919	6	25	170.10	154.33
2	5	18	2	2	5	845	7	32	121.50	112.24
2	5	18	2	2	6	846	7	31	145.80	112.24
2	5	18	2	2	7	882	7	30	157.95	133.28
2	5	18	2	2	8	883	7	29	182.25	133.28
2	5	18	2	2	9	810	8	34	157.95	91.19
2	5	18	2	2	10	847	8	33	170.10	112.24
2	5	18	2	2	11	848	8	36	194.40	112.24
2	5	18	2	2	12	884	8	35	206.55	133.28
2	6	19	2	2	1	949	0	4	36.45	175.37
2	6	19	2	2	2	950	0	3	60.75	175.37
2	6	19	2	2	3	987	0	2	72.90	196.42
2	6	19	2	2	4	988	0	1	97.20	196.42
2	6	19	2	2	5	914	1	8	48.60	154.33
2	6	19	2	2	6	915	1	7	72.90	154.33
2	6	19	2	2	7	951	1	6	85.05	175.37
2	6	19	2	2	8	952	1	5	109.35	175.37
2	6	19	2	2	9	879	2	10	85.05	133.28
2	6	19	2	2	10	916	2	9	97.20	154.33
2	6	19	2	2	11	917	2	12	121.50	154.33
2	6	19	2	2	12	953	2	11	133.65	175.37
2	7	20	2	5	1	1018	6	28	-36.45	217.46
2	7	20	2	5	2	1019	6	27	-12.15	217.46
2	7	20	2	5	3	1056	6	26	0.00	238.50
2	7	20	2	5	4	1057	6	25	24.30	238.50
2	7	20	2	5	5	983	7	32	-24.30	196.42
2	7	20	2	5	6	984	7	31	0.00	196.42
2	7	20	2	5	7	1020	7	30	12.15	217.46
2	7	20	2	5	8	1021	7	29	36.45	217.46
2	7	20	2	5	9	948	8	34	12.15	175.37
2	7	20	2	5	10	985	8	33	24.30	196.42
2	7	20	2	5	11	986	8	36	48.60	196.42
2	7	20	2	5	12	1022	8	35	60.75	217.46
2	8	21	2	4	1	943	9	40	-109.35	175.37
2	8	21	2	4	2	944	9	39	-85.05	175.37
2	8	21	2	4	3	981	9	38	-72.90	196.42
2	8	21	2	4	4	982	9	37	-48.60	196.42
2	8	21	2	4	5	908	10	44	-97.20	154.33
2	8	21	2	4	6	909	10	43	-72.90	154.33
2	8	21	2	4	7	945	10	42	-60.75	175.37
2	8	21	2	4	8	946	10	41	-36.45	175.37
2	8	21	2	4	9	873	11	46	-60.75	133.28
2	8	21	2	4	10	910	11	45	-48.60	154.33
2	8	21	2	4	11	911	11	48	-24.30	154.33
2	8	21	2	4	12	947	11	47	-12.15	175.37
2	9	22	2	4	1	868	6	28	-182.25	133.28
2	9	22	2	4	2	869	6	27	-157.95	133.28
2	9	22	2	4	3	906	6	26	-145.80	154.33
2	9	22	2	4	4	907	6	25	-121.50	154.33
2	9	22	2	4	5	833	7	32	-170.10	112.24
2	9	22	2	4	6	834	7	31	-145.80	112.24
2	9	22	2	4	7	870	7	30	-133.65	133.28
2	9	22	2	4	8	871	7	29	-109.35	133.28
2	9	22	2	4	9	798	8	34	-133.65	91.19
2	9	22	2	4	10	835	8	33	-121.50	112.24
2	9	22	2	4	11	836	8	36	-97.20	112.24
2	9	22	2	4	12	872	8	35	-85.05	133.28
2	10	35	2	2	1	955	9	40	182.25	175.37
2	10	35	2	2	2	956	9	39	206.55	175.37
2	10	35	2	2	3	993	9	38	218.70	196.42
2	10	35	2	2	4	994	9	37	243.00	196.42
2	10	35	2	2	5	920	10	44	194.40	154.33
2	10	35	2	2	6	921	10	43	218.70	154.33
2	10	35	2	2	7	957	10	42	230.85	175.37
2	10	35	2	2	8	958	10	41	255.15	175.37
2	10	35	2	2	9	885	11	46	230.85	133.28
2	10	35	2	2	10	922	11	45	243.00	154.33
2	10	35	2	2	11	923	11	48	267.30	154.33
2	10	35	2	2	12	959	11	47	279.45	175.37
2	11	36	2	2	1	1024	3	16	109.35	217.46
2	11	36	2	2	2	1025	3	15	133.65	217.46
2	11	36	2	2	3	1062	3	14	145.80	238.50
2	11	36	2	2	4	1063	3	13	170.10	238.50
2	11	36	2	2	5	989	4	20	121.50	196.42
2	11	36	2	2	6	990	4	19	145.80	196.42
2	11	36	2	2	7	1026	4	18	157.95	217.46
2	11	36	2	2	8	1027	4	17	182.25	217.46
2	11	36	2	2	9	954	5	22	157.95	175.37
2	11	36	2	2	10	991	5	21	170.10	196.42
2	11	36	2	2	11	992	5	24	194.40	196.42
2	11	36	2	2	12	1028	5	23	206.55	217.46
2	12	37	2	5	1	1092	9	40	36.45	259.55
2	12	37	2	5	2	1093	9	39	60.75	259.55
2	12	37	2	5	3	1127	9	38	72.90	280.59
2	12	37	2	5	4	1128	9	37	97.20	280.59
2	12	37	2	5	5	1058	10	44	48.60	238.50
2	12	37	2	5	6	1059	10	43	72.90	238.50
2	12	37	2	5	7	1094	10	42	85.05	259.55
2	12	37	2	5	8	1095	10	41	109.35	259.55
2	12	37	2	5	9	1023	11	46	85.05	217.46
2	12	37	2	5	10	1060	11	45	97.20	238.50
2	12	37	2	5	11	1061	11	48	121.50	238.50
2	12	37	2	5	12	1096	11	47	133.65	259.55
2	13	38	2	5	1	1153	3	16	-36.45	301.64
2	13	38	2	5	2	1154	3	15	-12.15	301.64
2	13	38	2	5	3	1182	3	14	0.00	322.68
2	13	38	2	5	4	1183	3	13	24.30	322.68
2	13	38	2	5	5	1123	4	20	-24.30	280.59
2	13	38	2	5	6	1124	4	19	0.00	280.59
2	13	38	2	5	7	1155	4	18	12.15	301.64
2	13	38	2	5	8	1156	4	17	36.45	301.64
2	13	38	2	5	9	1091	5	22	12.15	259.55
2	13	38	2	5	10	1125	5	21	24.30	280.59
2	13	38	2	5	11	1126	5	24	48.60	280.59
2	13	38	2	5	12	1157	5	23	60.75	301.64
2	14	39	2	5	1	1086	0	4	-109.35	259.55
2	14	39	2	5	2	1087	0	3	-85.05	259.55
2	14	39	2	5	3	1121	0	2	-72.90	280.59
2	14	39	2	5	4	1122	0	1	-48.60	280.59
2	14	39	2	5	5	1052	1	8	-97.20	238.50
2	14	39	2	5	6	1053	1	7	-72.90	238.50
2	14	39	2	5	7	1088	1	6	-60.75	259.55
2	14	39	2	5	8	1089	1	5	-36.45	259.55
2	14	39	2	5	9	1017	2	10	-60.75	217.46
2	14	39	2	5	10	1054	2	9	-48.60	238.50
2	14	39	2	5	11	1055	2	12	-24.30	238.50
2	14	39	2	5	12	1090	2	11	-12.15	259.55
2	15	40	2	4	1	1012	3	16	-182.25	217.46
2	15	40	2	4	2	1013	3	15	-157.95	217.46
2	15	40	2	4	3	1050	3	14	-145.80	238.50
2	15	40	2	4	4	1051	3	13	-121.50	238.50
2	15	40	2	4	5	977	4	20	-170.10	196.42
2	15	40	2	4	6	978	4	19	-145.80	196.42
2	15	40	2	4	7	1014	4	18	-133.65	217.46
2	15	40	2	4	8	1015	4	17	-109.35	217.46
2	15	40	2	4	9	942	5	22	-133.65	175.37
2	15	40	2	4	10	979	5	21	-121.50	196.42
2	15	40	2	4	11	980	5	24	-97.20	196.42
2	15	40	2	4	12	1016	5	23	-85.05	217.46
2	16	41	2	4	1	937	0	4	-255.15	175.37
2	16	41	2	4	2	938	0	3	-230.85	175.37
2	16	41	2	4	3	975	0	2	-218.70	196.42
2	16	41	2	4	4	976	0	1	-194.40	196.42
2	16	41	2	4	5	902	1	8	-243.00	154.33
2	16	41	2	4	6	903	1	7	-218.70	154.33
2	16	41	2	4	7	939	1	6	-206.55	175.37
2	16	41	2	4	8	940	1	5	-182.25	175.37
2	16	41	2	4	9	867	2	10	-206.55	133.28
2	16	41	2	4	10	904	2	9	-194.40	154.33
2	16	41	2	4	11	905	2	12	-170.10	154.33
2	16	41	2	4	12	941	2	11	-157.95	175.37
2	17	58	2	3	1	1030	6	28	255.15	217.46
2	17	58	2	3	2	1031	6	27	279.45	217.46
2	17	58	2	3	3	1068	6	26	291.60	238.50
2	17	58	2	3	4	1069	6	25	315.90	238.50
2	17	58	2	3	5	995	7	32	267.30	196.42
2	17	58	2	3	6	996	7	31	291.60	196.42
2	17	58	2	3	7	1032	7	30	303.75	217.46
2	17	58	2	3	8	1033	7	29	328.05	217.46
2	17	58	2	3	9	960	8	34	303.75	175.37
2	17	58	2	3	10	997	8	33	315.90	196.42
2	17	58	2	3	11	998	8	36	340.20	196.42
2	17	58	2	3	12	1034	8	35	352.35	217.46
2	18	59	2	3	1	1098	0	4	182.25	259.55
2	18	59	2	3	2	1099	0	3	206.55	259.55
2	18	59	2	3	3	1133	0	2	218.70	280.59
2	18	59	2	3	4	1134	0	1	243.00	280.59
2	18	59	2	3	5	1064	1	8	194.40	238.50
2	18	59	2	3	6	1065	1	7	218.70	238.50
2	18	59	2	3	7	1100	1	6	230.85	259.55
2	18	59	2	3	8	1101	1	5	255.15	259.55
2	18	59	2	3	9	1029	2	10	230.85	217.46
2	18	59	2	3	10	1066	2	9	243.00	238.50
2	18	59	2	3	11	1067	2	12	267.30	238.50
2	18	59	2	3	12	1102	2	11	279.45	259.55
2	19	60	2	6	1	1159	6	28	109.35	301.64
2	19	60	2	6	2	1160	6	27	133.65	301.64
2	19	60	2	6	3	1188	6	26	145.80	322.68
2	19	60	2	6	4	1189	6	25	170.10	322.68
2	19	60	2	6	5	1129	7	32	121.50	280.59
2	19	60	2	6	6	1130	7	31	145.80	280.59
2	19	60	2	6	7	1161	7	30	157.95	301.64
2	19	60	2	6	8	1162	7	29	182.25	301.64
2	19	60	2	6	9	1097	8	34	157.95	259.55
2	19	60	2	6	10	1131	8	33	170.10	280.59
2	19	60	2	6	11	1132	8	36	194.40	280.59
2	19	60	2	6	12	1163	8	35	206.55	301.64
2	20	61	2	6	1	1208	0	4	36.45	343.73
2	20	61	2	6	2	1209	0	3	60.75	343.73
2	20	61	2	6	3	1231	0	2	72.90	364.77
2	20	61	2	6	4	1232	0	1	97.20	364.77
2	20	61	2	6	5	1184	1	8	48.60	322.68
2	20	61	2	6	6	1185	1	7	72.90	322.68
2	20	61	2	6	7	1210	1	6	85.05	343.73
2	20	61	2	6	8	1211	1	5	109.35	343.73
2	20	61	2	6	9	1158	2	10	85.05	301.64
2	20	61	2	6	10	1186	2	9	97.20	322.68
2	20	61	2	6	11	1187	2	12	121.50	322.68
2	20	61	2	6	12	1212	2	11	133.65	343.73
2	21	62	2	9	1	1245	6	28	-36.45	385.81
2	21	62	2	9	2	1246	6	27	-12.15	385.81
2	21	62	2	9	3	1262	6	26	0.00	406.86
2	21	62	2	9	4	1263	6	25	24.30	406.86
2	21	62	2	9	5	1227	7	32	-24.30	364.77
2	21	62	2	9	6	1228	7	31	0.00	364.77
2	21	62	2	9	7	1247	7	30	12.15	385.81
2	21	62	2	9	8	1248	7	29	36.45	385.81
2	21	62	2	9	9	1207	8	34	12.15	343.73
2	21	62	2	9	10	1229	8	33	24.30	364.77
2	21	62	2	9	11	1230	8	36	48.60	364.77
2	21	62	2	9	12	1249	8	35	60.75	385.81
2	22	63	2	8	1	1202	9	40	-109.35	343.73
2	22	63	2	8	2	1203	9	39	-85.05	343.73
2	22	63	2	8	3	1225	9	38	-72.90	364.77
2	22	63	2	8	4	1226	9	37	-48.60	364.77
2	22	63	2	8	5	1178	10	44	-97.20	322.68
2	22	63	2	8	6	1179	10	43	-72.90	322.68
2	22	63	2	8	7	1204	10	42	-60.75	343.73
2	22	63	2	8	8	1205	10	41	-36.45	343.73
2	22	63	2	8	9	1152	11	46	-60.75	301.64
2	22	63	2	8	10	1180	11	45	-48.60	322.68
2	22	63	2	8	11	1181	11	48	-24.30	322.68
2	22	63	2	8	12	1206	11	47	-12.15	343.73
2	23	64	2	8	1	1147	6	28	-182.25	301.64
2	23	64	2	8	2	1148	6	27	-157.95	301.64
2	23	64	2	8	3	1176	6	26	-145.80	322.68
2	23	64	2	8	4	1177	6	25	-121.50	322.68
2	23	64	2	8	5	1117	7	32	-170.10	280.59
2	23	64	2	8	6	1118	7	31	-145.80	280.59
2	23	64	2	8	7	1149	7	30	-133.65	301.64
2	23	64	2	8	8	1150	7	29	-109.35	301.64
2	23	64	2	8	9	1085	8	34	-133.65	259.55
2	23	64	2	8	10	1119	8	33	-121.50	280.59
2	23	64	2	8	11	1120	8	36	-97.20	280.59
2	23	64	2	8	12	1151	8	35	-85.05	301.64
2	24	65	2	7	1	1080	9	40	-255.15	259.55
2	24	65	2	7	2	1081	9	39	-230.85	259.55
2	24	65	2	7	3	1115	9	38	-218.70	280.59
2	24	65	2	7	4	1116	9	37	-194.40	280.59
2	24	65	2	7	5	1046	10	44	-243.00	238.50
2	24	65	2	7	6	1047	10	43	-218.70	238.50
2	24	65	2	7	7	1082	10	42	-206.55	259.55
2	24	65	2	7	8	1083	10	41	-182.25	259.55
2	24	65	2	7	9	1011	11	46	-206.55	217.46
2	24	65	2	7	10	1048	11	45	-194.40	238.50
2	24	65	2	7	11	1049	11	48	-170.10	238.50
2	24	65	2	7	12	1084	11	47	-157.95	259.55
2	25	66	2	7	1	1006	6	28	-328.05	217.46
2	25	66	2	7	2	1007	6	27	-303.75	217.46
2	25	66	2	7	3	1044	6	26	-291.60	238.50
2	25	66	2	7	4	1045	6	25	-267.30	238.50
2	25	66	2	7	5	971	7	32	-315.90	196.42
2	25	66	2	7	6	972	7	31	-291.60	196.42
2	25	66	2	7	7	1008	7	30	-279.45	217.46
2	25	66	2	7	8	1009	7	29	-255.15	217.46
2	25	66	2	7	9	936	8	34	-279.45	175.37
2	25	66	2	7	10	973	8	33	-267.30	196.42
2	25	66	2	7	11	974	8	36	-243.00	196.42
2	25	66	2	7	12	1010	8	35	-230.85	217.46
2	26	87	2	3	1	1104	9	40	328.05	259.55
2	26	87	2	3	2	1105	9	39	352.35	259.55
2	26	87	2	3	3	1139	9	38	364.50	280.59
2	26	87	2	3	4	1140	9	37	388.80	280.59
2	26	87	2	3	5	1070	10	44	340.20	238.50
2	26	87	2	3	6	1071	10	43	364.50	238.50
2	26	87	2	3	7	1106	10	42	376.65	259.55
2	26	87	2	3	8	1107	10	41	400.95	259.55
2	26	87	2	3	9	1035	11	46	376.65	217.46
2	26	87	2	3	10	1072	11	45	388.80	238.50
2	26	87	2	3	11	1073	11	48	413.10	238.50
2	26	87	2	3	12	1108	11	47	425.25	259.55
2	27	88	2	3	1	1165	3	16	255.15	301.64
2	27	88	2	3	2	1166	3	15	279.45	301.64
2	27	88	2	3	3	1194	3	14	291.60	322.68
2	27	88	2	3	4	1195	3	13	315.90	322.68
2	27	88	2	3	5	1135	4	20	267.30	280.59
2	27	88	2	3	6	1136	4	19	291.60	280.59
2	27	88	2	3	7	1167	4	18	303.75	301.64
2	27	88	2	3	8	1168	4	17	328.05	301.64
2	27	88	2	3	9	1103	5	22	303.75	259.55
2	27	88	2	3	10	1137	5	21	315.90	280.59
2	27	88	2	3	11	1138	5	24	340.20	280.59
2	27	88	2	3	12	1169	5	23	352.35	301.64
2	28	89	2	6	1	1214	9	40	182.25	343.73
2	28	89	2	6	2	1215	9	39	206.55	343.73
2	28	89	2	6	3	1237	9	38	218.70	364.77
2	28	89	2	6	4	1238	9	37	243.00	364.77
2	28	89	2	6	5	1190	10	44	194.40	322.68
2	28	89	2	6	6	1191	10	43	218.70	322.68
2	28	89	2	6	7	1216	10	42	230.85	343.73
2	28	89	2	6	8	1217	10	41	255.15	343.73
2	28	89	2	6	9	1164	11	46	230.85	301.64
2	28	89	2	6	10	1192	11	45	243.00	322.68
2	28	89	2	6	11	1193	11	48	267.30	322.68
2	28	89	2	6	12	1218	11	47	279.45	343.73
2	29	90	2	6	1	1251	3	16	109.35	385.81
2	29	90	2	6	2	1252	3	15	133.65	385.81
2	29	90	2	6	3	1268	3	14	145.80	406.86
2	29	90	2	6	4	1269	3	13	170.10	406.86
2	29	90	2	6	5	1233	4	20	121.50	364.77
2	29	90	2	6	6	1234	4	19	145.80	364.77
2	29	90	2	6	7	1253	4	18	157.95	385.81
2	29	90	2	6	8	1254	4	17	182.25	385.81
2	29	90	2	6	9	1213	5	22	157.95	343.73
2	29	90	2	6	10	1235	5	21	170.10	364.77
2	29	90	2	6	11	1236	5	24	194.40	364.77
2	29	90	2	6	12	1255	5	23	206.55	385.81
2	30	91	2	9	1	1276	9	40	36.45	427.90
2	30	91	2	9	2	1277	9	39	60.75	427.90
2	30	91	2	9	3	1287	9	38	72.90	448.95
2	30	91	2	9	4	1288	9	37	97.20	448.95
2	30	91	2	9	5	1264	10	44	48.60	406.86
2	30	91	2	9	6	1265	10	43	72.90	406.86
2	30	91	2	9	7	1278	10	42	85.05	427.90
2	30	91	2	9	8	1279	10	41	109.35	427.90
2	30	91	2	9	9	1250	11	46	85.05	385.81
2	30	91	2	9	10	1266	11	45	97.20	406.86
2	30	91	2	9	11	1267	11	48	121.50	406.86
2	30	91	2	9	12	1280	11	47	133.65	427.90
2	31	92	2	9	1	1289	3	16	-36.45	469.99
2	31	92	2	9	2	1290	3	15	-12.15	469.99
2	31	92	2	9	3	1294	3	14	0.00	491.04
2	31	92	2	9	4	1295	3	13	24.30	491.04
2	31	92	2	9	5	1283	4	20	-24.30	448.95
2	31	92	2	9	6	1284	4	19	0.00	448.95
2	31	92	2	9	7	1291	4	18	12.15	469.99
2	31	92	2	9	8	1292	4	17	36.45	469.99
2	31	92	2	9	9	1275	5	22	12.15	427.90
2	31	92	2	9	10	1285	5	21	24.30	448.95
2	31	92	2	9	11	1286	5	24	48.60	448.95
2	31	92	2	9	12	1293	5	23	60.75	469.99
2	32	93	2	9	1	1270	0	4	-109.35	427.90
2	32	93	2	9	2	1271	0	3	-85.05	427.90
2	32	93	2	9	3	1281	0	2	-72.90	448.95
2	32	93	2	9	4	1282	0	1	-48.60	448.95
2	32	93	2	9	5	1258	1	8	-97.20	406.86
2	32	93	2	9	6	1259	1	7	-72.90	406.86
2	32	93	2	9	7	1272	1	6	-60.75	427.90
2	32	93	2	9	8	1273	1	5	-36.45	427.90
2	32	93	2	9	9	1244	2	10	-60.75	385.81
2	32	93	2	9	10	1260	2	9	-48.60	406.86
2	32	93	2	9	11	1261	2	12	-24.30	406.86
2	32	93	2	9	12	1274	2	11	-12.15	427.90
2	33	94	2	8	1	1239	3	16	-182.25	385.81
2	33	94	2	8	2	1240	3	15	-157.95	385.81
2	33	94	2	8	3	1256	3	14	-145.80	406.86
2	33	94	2	8	4	1257	3	13	-121.50	406.86
2	33	94	2	8	5	1221	4	20	-170.10	364.77
2	33	94	2	8	6	1222	4	19	-145.80	364.77
2	33	94	2	8	7	1241	4	18	-133.65	385.81
2	33	94	2	8	8	1242	4	17	-109.35	385.81
2	33	94	2	8	9	1201	5	22	-133.65	343.73
2	33	94	2	8	10	1223	5	21	-121.50	364.77
2	33	94	2	8	11	1224	5	24	-97.20	364.77
2	33	94	2	8	12	1243	5	23	-85.05	385.81
2	34	95	2	8	1	1196	0	4	-255.15	343.73
2	34	95	2	8	2	1197	0	3	-230.85	343.73
2	34	95	2	8	3	1219	0	2	-218.70	364.77
2	34	95	2	8	4	1220	0	1	-194.40	364.77
2	34	95	2	8	5	1172	1	8	-243.00	322.68
2	34	95	2	8	6	1173	1	7	-218.70	322.68
2	34	95	2	8	7	1198	1	6	-206.55	343.73
2	34	95	2	8	8	1199	1	5	-182.25	343.73
2	34	95	2	8	9	1146	2	10	-206.55	301.64
2	34	95	2	8	10	1174	2	9	-194.40	322.68
2	34	95	2	8	11	1175	2	12	-170.10	322.68
2	34	95	2	8	12	1200	2	11	-157.95	343.73
2	35	96	2	7	1	1141	3	16	-328.05	301.64
2	35	96	2	7	2	1142	3	15	-303.75	301.64
2	35	96	2	7	3	1170	3	14	-291.60	322.68
2	35	96	2	7	4	1171	3	13	-267.30	322.68
2	35	96	2	7	5	1111	4	20	-315.90	280.59
2	35	96	2	7	6	1112	4	19	-291.60	280.59
2	35	96	2	7	7	1143	4	18	-279.45	301.64
2	35	96	2	7	8	1144	4	17	-255.15	301.64
2	35	96	2	7	9	1079	5	22	-279.45	259.55
2	35	96	2	7	10	1113	5	21	-267.30	280.59
2	35	96	2	7	11	1114	5	24	-243.00	280.59
2	35	96	2	7	12	1145	5	23	-230.85	301.64
2	36	97	2	7	1	1074	0	4	-400.95	259.55
2	36	97	2	7	2	1075	0	3	-376.65	259.55
2	36	97	2	7	3	1109	0	2	-364.50	280.59
2	36	97	2	7	4	1110	0	1	-340.20	280.59
2	36	97	2	7	5	1040	1	8	-388.80	238.50
2	36	97	2	7	6	1041	1	7	-364.50	238.50
2	36	97	2	7	7	1076	1	6	-352.35	259.55
2	36	97	2	7	8	1077	1	5	-328.05	259.55
2	36	97	2	7	9	1005	2	10	-352.35	217.46
2	36	97	2	7	10	1042	2	9	-340.20	238.50
2	36	97	2	7	11	1043	2	12	-315.90	238.50
2	36	97	2	7	12	1078	2	11	-303.75	259.55
3	1	3	3	1	1	551	6	28	-24.30	-56.12
3	1	3	3	1	2	586	6	27	-36.45	-35.07
3	1	3	3	1	3	585	6	26	-60.75	-35.07
3	1	3	3	1	4	621	6	25	-72.90	-14.03
3	1	3	3	1	5	587	7	32	-12.15	-35.07
3	1	3	3	1	6	623	7	31	-24.30	-14.03
3	1	3	3	1	7	622	7	30	-48.60	-14.03
3	1	3	3	1	8	657	7	29	-60.75	7.01
3	1	3	3	1	9	659	8	34	-12.15	7.01
3	1	3	3	1	10	658	8	33	-36.45	7.01
3	1	3	3	1	11	694	8	36	-48.60	28.06
3	1	3	3	1	12	693	8	35	-72.90	28.06
3	2	10	3	1	1	620	9	40	-97.20	-14.03
3	2	10	3	1	2	655	9	39	-109.35	7.01
3	2	10	3	1	3	654	9	38	-133.65	7.01
3	2	10	3	1	4	690	9	37	-145.80	28.06
3	2	10	3	1	5	656	10	44	-85.05	7.01
3	2	10	3	1	6	692	10	43	-97.20	28.06
3	2	10	3	1	7	691	10	42	-121.50	28.06
3	2	10	3	1	8	726	10	41	-133.65	49.10
3	2	10	3	1	9	728	11	46	-85.05	49.10
3	2	10	3	1	10	727	11	45	-109.35	49.10
3	2	10	3	1	11	763	11	48	-121.50	70.15
3	2	10	3	1	12	762	11	47	-145.80	70.15
3	3	11	3	1	1	476	3	16	-97.20	-98.21
3	3	11	3	1	2	511	3	15	-109.35	-77.16
3	3	11	3	1	3	510	3	14	-133.65	-77.16
3	3	11	3	1	4	546	3	13	-145.80	-56.12
3	3	11	3	1	5	512	4	20	-85.05	-77.16
3	3	11	3	1	6	548	4	19	-97.20	-56.12
3	3	11	3	1	7	547	4	18	-121.50	-56.12
3	3	11	3	1	8	582	4	17	-133.65	-35.07
3	3	11	3	1	9	584	5	22	-85.05	-35.07
3	3	11	3	1	10	583	5	21	-109.35	-35.07
3	3	11	3	1	11	619	5	24	-121.50	-14.03
3	3	11	3	1	12	618	5	23	-145.80	-14.03
3	4	12	3	1	1	407	0	4	-24.30	-140.30
3	4	12	3	1	2	442	0	3	-36.45	-119.25
3	4	12	3	1	3	441	0	2	-60.75	-119.25
3	4	12	3	1	4	477	0	1	-72.90	-98.21
3	4	12	3	1	5	443	1	8	-12.15	-119.25
3	4	12	3	1	6	479	1	7	-24.30	-98.21
3	4	12	3	1	7	478	1	6	-48.60	-98.21
3	4	12	3	1	8	513	1	5	-60.75	-77.16
3	4	12	3	1	9	515	2	10	-12.15	-77.16
3	4	12	3	1	10	514	2	9	-36.45	-77.16
3	4	12	3	1	11	550	2	12	-48.60	-56.12
3	4	12	3	1	12	549	2	11	-72.90	-56.12
3	5	23	3	2	1	689	6	28	-170.10	28.06
3	5	23	3	2	2	724	6	27	-182.25	49.10
3	5	23	3	2	3	723	6	26	-206.55	49.10
3	5	23	3	2	4	759	6	25	-218.70	70.15
3	5	23	3	2	5	725	7	32	-157.95	49.10
3	5	23	3	2	6	761	7	31	-170.10	70.15
3	5	23	3	2	7	760	7	30	-194.40	70.15
3	5	23	3	2	8	795	7	29	-206.55	91.19
3	5	23	3	2	9	797	8	34	-157.95	91.19
3	5	23	3	2	10	796	8	33	-182.25	91.19
3	5	23	3	2	11	832	8	36	-194.40	112.24
3	5	23	3	2	12	831	8	35	-218.70	112.24
3	6	24	3	2	1	545	0	4	-170.10	-56.12
3	6	24	3	2	2	580	0	3	-182.25	-35.07
3	6	24	3	2	3	579	0	2	-206.55	-35.07
3	6	24	3	2	4	615	0	1	-218.70	-14.03
3	6	24	3	2	5	581	1	8	-157.95	-35.07
3	6	24	3	2	6	617	1	7	-170.10	-14.03
3	6	24	3	2	7	616	1	6	-194.40	-14.03
3	6	24	3	2	8	651	1	5	-206.55	7.01
3	6	24	3	2	9	653	2	10	-157.95	7.01
3	6	24	3	2	10	652	2	9	-182.25	7.01
3	6	24	3	2	11	688	2	12	-194.40	28.06
3	6	24	3	2	12	687	2	11	-218.70	28.06
3	7	25	3	5	1	401	6	28	-170.10	-140.30
3	7	25	3	5	2	436	6	27	-182.25	-119.25
3	7	25	3	5	3	435	6	26	-206.55	-119.25
3	7	25	3	5	4	471	6	25	-218.70	-98.21
3	7	25	3	5	5	437	7	32	-157.95	-119.25
3	7	25	3	5	6	473	7	31	-170.10	-98.21
3	7	25	3	5	7	472	7	30	-194.40	-98.21
3	7	25	3	5	8	507	7	29	-206.55	-77.16
3	7	25	3	5	9	509	8	34	-157.95	-77.16
3	7	25	3	5	10	508	8	33	-182.25	-77.16
3	7	25	3	5	11	544	8	36	-194.40	-56.12
3	7	25	3	5	12	543	8	35	-218.70	-56.12
3	8	26	3	4	1	332	9	40	-97.20	-182.39
3	8	26	3	4	2	367	9	39	-109.35	-161.34
3	8	26	3	4	3	366	9	38	-133.65	-161.34
3	8	26	3	4	4	402	9	37	-145.80	-140.30
3	8	26	3	4	5	368	10	44	-85.05	-161.34
3	8	26	3	4	6	404	10	43	-97.20	-140.30
3	8	26	3	4	7	403	10	42	-121.50	-140.30
3	8	26	3	4	8	438	10	41	-133.65	-119.25
3	8	26	3	4	9	440	11	46	-85.05	-119.25
3	8	26	3	4	10	439	11	45	-109.35	-119.25
3	8	26	3	4	11	475	11	48	-121.50	-98.21
3	8	26	3	4	12	474	11	47	-145.80	-98.21
3	9	27	3	4	1	263	6	28	-24.30	-224.47
3	9	27	3	4	2	298	6	27	-36.45	-203.43
3	9	27	3	4	3	297	6	26	-60.75	-203.43
3	9	27	3	4	4	333	6	25	-72.90	-182.39
3	9	27	3	4	5	299	7	32	-12.15	-203.43
3	9	27	3	4	6	335	7	31	-24.30	-182.39
3	9	27	3	4	7	334	7	30	-48.60	-182.39
3	9	27	3	4	8	369	7	29	-60.75	-161.34
3	9	27	3	4	9	371	8	34	-12.15	-161.34
3	9	27	3	4	10	370	8	33	-36.45	-161.34
3	9	27	3	4	11	406	8	36	-48.60	-140.30
3	9	27	3	4	12	405	8	35	-72.90	-140.30
3	10	42	3	2	1	758	9	40	-243.00	70.15
3	10	42	3	2	2	793	9	39	-255.15	91.19
3	10	42	3	2	3	792	9	38	-279.45	91.19
3	10	42	3	2	4	828	9	37	-291.60	112.24
3	10	42	3	2	5	794	10	44	-230.85	91.19
3	10	42	3	2	6	830	10	43	-243.00	112.24
3	10	42	3	2	7	829	10	42	-267.30	112.24
3	10	42	3	2	8	864	10	41	-279.45	133.28
3	10	42	3	2	9	866	11	46	-230.85	133.28
3	10	42	3	2	10	865	11	45	-255.15	133.28
3	10	42	3	2	11	901	11	48	-267.30	154.33
3	10	42	3	2	12	900	11	47	-291.60	154.33
3	11	43	3	2	1	614	3	16	-243.00	-14.03
3	11	43	3	2	2	649	3	15	-255.15	7.01
3	11	43	3	2	3	648	3	14	-279.45	7.01
3	11	43	3	2	4	684	3	13	-291.60	28.06
3	11	43	3	2	5	650	4	20	-230.85	7.01
3	11	43	3	2	6	686	4	19	-243.00	28.06
3	11	43	3	2	7	685	4	18	-267.30	28.06
3	11	43	3	2	8	720	4	17	-279.45	49.10
3	11	43	3	2	9	722	5	22	-230.85	49.10
3	11	43	3	2	10	721	5	21	-255.15	49.10
3	11	43	3	2	11	757	5	24	-267.30	70.15
3	11	43	3	2	12	756	5	23	-291.60	70.15
3	12	44	3	5	1	470	9	40	-243.00	-98.21
3	12	44	3	5	2	505	9	39	-255.15	-77.16
3	12	44	3	5	3	504	9	38	-279.45	-77.16
3	12	44	3	5	4	540	9	37	-291.60	-56.12
3	12	44	3	5	5	506	10	44	-230.85	-77.16
3	12	44	3	5	6	542	10	43	-243.00	-56.12
3	12	44	3	5	7	541	10	42	-267.30	-56.12
3	12	44	3	5	8	576	10	41	-279.45	-35.07
3	12	44	3	5	9	578	11	46	-230.85	-35.07
3	12	44	3	5	10	577	11	45	-255.15	-35.07
3	12	44	3	5	11	613	11	48	-267.30	-14.03
3	12	44	3	5	12	612	11	47	-291.60	-14.03
3	13	45	3	5	1	326	3	16	-243.00	-182.39
3	13	45	3	5	2	361	3	15	-255.15	-161.34
3	13	45	3	5	3	360	3	14	-279.45	-161.34
3	13	45	3	5	4	396	3	13	-291.60	-140.30
3	13	45	3	5	5	362	4	20	-230.85	-161.34
3	13	45	3	5	6	398	4	19	-243.00	-140.30
3	13	45	3	5	7	397	4	18	-267.30	-140.30
3	13	45	3	5	8	432	4	17	-279.45	-119.25
3	13	45	3	5	9	434	5	22	-230.85	-119.25
3	13	45	3	5	10	433	5	21	-255.15	-119.25
3	13	45	3	5	11	469	5	24	-267.30	-98.21
3	13	45	3	5	12	468	5	23	-291.60	-98.21
3	14	46	3	5	1	257	0	4	-170.10	-224.47
3	14	46	3	5	2	292	0	3	-182.25	-203.43
3	14	46	3	5	3	291	0	2	-206.55	-203.43
3	14	46	3	5	4	327	0	1	-218.70	-182.39
3	14	46	3	5	5	293	1	8	-157.95	-203.43
3	14	46	3	5	6	329	1	7	-170.10	-182.39
3	14	46	3	5	7	328	1	6	-194.40	-182.39
3	14	46	3	5	8	363	1	5	-206.55	-161.34
3	14	46	3	5	9	365	2	10	-157.95	-161.34
3	14	46	3	5	10	364	2	9	-182.25	-161.34
3	14	46	3	5	11	400	2	12	-194.40	-140.30
3	14	46	3	5	12	399	2	11	-218.70	-140.30
3	15	47	3	4	1	188	3	16	-97.20	-266.56
3	15	47	3	4	2	223	3	15	-109.35	-245.52
3	15	47	3	4	3	222	3	14	-133.65	-245.52
3	15	47	3	4	4	258	3	13	-145.80	-224.47
3	15	47	3	4	5	224	4	20	-85.05	-245.52
3	15	47	3	4	6	260	4	19	-97.20	-224.47
3	15	47	3	4	7	259	4	18	-121.50	-224.47
3	15	47	3	4	8	294	4	17	-133.65	-203.43
3	15	47	3	4	9	296	5	22	-85.05	-203.43
3	15	47	3	4	10	295	5	21	-109.35	-203.43
3	15	47	3	4	11	331	5	24	-121.50	-182.39
3	15	47	3	4	12	330	5	23	-145.80	-182.39
3	16	48	3	4	1	129	0	4	-24.30	-308.65
3	16	48	3	4	2	158	0	3	-36.45	-287.61
3	16	48	3	4	3	157	0	2	-60.75	-287.61
3	16	48	3	4	4	189	0	1	-72.90	-266.56
3	16	48	3	4	5	159	1	8	-12.15	-287.61
3	16	48	3	4	6	191	1	7	-24.30	-266.56
3	16	48	3	4	7	190	1	6	-48.60	-266.56
3	16	48	3	4	8	225	1	5	-60.75	-245.52
3	16	48	3	4	9	227	2	10	-12.15	-245.52
3	16	48	3	4	10	226	2	9	-36.45	-245.52
3	16	48	3	4	11	262	2	12	-48.60	-224.47
3	16	48	3	4	12	261	2	11	-72.90	-224.47
3	17	67	3	3	1	827	6	28	-315.90	112.24
3	17	67	3	3	2	862	6	27	-328.05	133.28
3	17	67	3	3	3	861	6	26	-352.35	133.28
3	17	67	3	3	4	897	6	25	-364.50	154.33
3	17	67	3	3	5	863	7	32	-303.75	133.28
3	17	67	3	3	6	899	7	31	-315.90	154.33
3	17	67	3	3	7	898	7	30	-340.20	154.33
3	17	67	3	3	8	933	7	29	-352.35	175.37
3	17	67	3	3	9	935	8	34	-303.75	175.37
3	17	67	3	3	10	934	8	33	-328.05	175.37
3	17	67	3	3	11	970	8	36	-340.20	196.42
3	17	67	3	3	12	969	8	35	-364.50	196.42
3	18	68	3	3	1	683	0	4	-315.90	28.06
3	18	68	3	3	2	718	0	3	-328.05	49.10
3	18	68	3	3	3	717	0	2	-352.35	49.10
3	18	68	3	3	4	753	0	1	-364.50	70.15
3	18	68	3	3	5	719	1	8	-303.75	49.10
3	18	68	3	3	6	755	1	7	-315.90	70.15
3	18	68	3	3	7	754	1	6	-340.20	70.15
3	18	68	3	3	8	789	1	5	-352.35	91.19
3	18	68	3	3	9	791	2	10	-303.75	91.19
3	18	68	3	3	10	790	2	9	-328.05	91.19
3	18	68	3	3	11	826	2	12	-340.20	112.24
3	18	68	3	3	12	825	2	11	-364.50	112.24
3	19	69	3	6	1	539	6	28	-315.90	-56.12
3	19	69	3	6	2	574	6	27	-328.05	-35.07
3	19	69	3	6	3	573	6	26	-352.35	-35.07
3	19	69	3	6	4	609	6	25	-364.50	-14.03
3	19	69	3	6	5	575	7	32	-303.75	-35.07
3	19	69	3	6	6	611	7	31	-315.90	-14.03
3	19	69	3	6	7	610	7	30	-340.20	-14.03
3	19	69	3	6	8	645	7	29	-352.35	7.01
3	19	69	3	6	9	647	8	34	-303.75	7.01
3	19	69	3	6	10	646	8	33	-328.05	7.01
3	19	69	3	6	11	682	8	36	-340.20	28.06
3	19	69	3	6	12	681	8	35	-364.50	28.06
3	20	70	3	6	1	395	0	4	-315.90	-140.30
3	20	70	3	6	2	430	0	3	-328.05	-119.25
3	20	70	3	6	3	429	0	2	-352.35	-119.25
3	20	70	3	6	4	465	0	1	-364.50	-98.21
3	20	70	3	6	5	431	1	8	-303.75	-119.25
3	20	70	3	6	6	467	1	7	-315.90	-98.21
3	20	70	3	6	7	466	1	6	-340.20	-98.21
3	20	70	3	6	8	501	1	5	-352.35	-77.16
3	20	70	3	6	9	503	2	10	-303.75	-77.16
3	20	70	3	6	10	502	2	9	-328.05	-77.16
3	20	70	3	6	11	538	2	12	-340.20	-56.12
3	20	70	3	6	12	537	2	11	-364.50	-56.12
3	21	71	3	9	1	251	6	28	-315.90	-224.47
3	21	71	3	9	2	286	6	27	-328.05	-203.43
3	21	71	3	9	3	285	6	26	-352.35	-203.43
3	21	71	3	9	4	321	6	25	-364.50	-182.39
3	21	71	3	9	5	287	7	32	-303.75	-203.43
3	21	71	3	9	6	323	7	31	-315.90	-182.39
3	21	71	3	9	7	322	7	30	-340.20	-182.39
3	21	71	3	9	8	357	7	29	-352.35	-161.34
3	21	71	3	9	9	359	8	34	-303.75	-161.34
3	21	71	3	9	10	358	8	33	-328.05	-161.34
3	21	71	3	9	11	394	8	36	-340.20	-140.30
3	21	71	3	9	12	393	8	35	-364.50	-140.30
3	22	72	3	8	1	182	9	40	-243.00	-266.56
3	22	72	3	8	2	217	9	39	-255.15	-245.52
3	22	72	3	8	3	216	9	38	-279.45	-245.52
3	22	72	3	8	4	252	9	37	-291.60	-224.47
3	22	72	3	8	5	218	10	44	-230.85	-245.52
3	22	72	3	8	6	254	10	43	-243.00	-224.47
3	22	72	3	8	7	253	10	42	-267.30	-224.47
3	22	72	3	8	8	288	10	41	-279.45	-203.43
3	22	72	3	8	9	290	11	46	-230.85	-203.43
3	22	72	3	8	10	289	11	45	-255.15	-203.43
3	22	72	3	8	11	325	11	48	-267.30	-182.39
3	22	72	3	8	12	324	11	47	-291.60	-182.39
3	23	73	3	8	1	123	6	28	-170.10	-308.65
3	23	73	3	8	2	152	6	27	-182.25	-287.61
3	23	73	3	8	3	151	6	26	-206.55	-287.61
3	23	73	3	8	4	183	6	25	-218.70	-266.56
3	23	73	3	8	5	153	7	32	-157.95	-287.61
3	23	73	3	8	6	185	7	31	-170.10	-266.56
3	23	73	3	8	7	184	7	30	-194.40	-266.56
3	23	73	3	8	8	219	7	29	-206.55	-245.52
3	23	73	3	8	9	221	8	34	-157.95	-245.52
3	23	73	3	8	10	220	8	33	-182.25	-245.52
3	23	73	3	8	11	256	8	36	-194.40	-224.47
3	23	73	3	8	12	255	8	35	-218.70	-224.47
3	24	74	3	7	1	76	9	40	-97.20	-350.74
3	24	74	3	7	2	99	9	39	-109.35	-329.70
3	24	74	3	7	3	98	9	38	-133.65	-329.70
3	24	74	3	7	4	124	9	37	-145.80	-308.65
3	24	74	3	7	5	100	10	44	-85.05	-329.70
3	24	74	3	7	6	126	10	43	-97.20	-308.65
3	24	74	3	7	7	125	10	42	-121.50	-308.65
3	24	74	3	7	8	154	10	41	-133.65	-287.61
3	24	74	3	7	9	156	11	46	-85.05	-287.61
3	24	74	3	7	10	155	11	45	-109.35	-287.61
3	24	74	3	7	11	187	11	48	-121.50	-266.56
3	24	74	3	7	12	186	11	47	-145.80	-266.56
3	25	75	3	7	1	41	6	28	-24.30	-392.83
3	25	75	3	7	2	58	6	27	-36.45	-371.79
3	25	75	3	7	3	57	6	26	-60.75	-371.79
3	25	75	3	7	4	77	6	25	-72.90	-350.74
3	25	75	3	7	5	59	7	32	-12.15	-371.79
3	25	75	3	7	6	79	7	31	-24.30	-350.74
3	25	75	3	7	7	78	7	30	-48.60	-350.74
3	25	75	3	7	8	101	7	29	-60.75	-329.70
3	25	75	3	7	9	103	8	34	-12.15	-329.70
3	25	75	3	7	10	102	8	33	-36.45	-329.70
3	25	75	3	7	11	128	8	36	-48.60	-308.65
3	25	75	3	7	12	127	8	35	-72.90	-308.65
3	26	98	3	3	1	896	9	40	-388.80	154.33
3	26	98	3	3	2	931	9	39	-400.95	175.37
3	26	98	3	3	3	930	9	38	-425.25	175.37
3	26	98	3	3	4	966	9	37	-437.40	196.42
3	26	98	3	3	5	932	10	44	-376.65	175.37
3	26	98	3	3	6	968	10	43	-388.80	196.42
3	26	98	3	3	7	967	10	42	-413.10	196.42
3	26	98	3	3	8	1002	10	41	-425.25	217.46
3	26	98	3	3	9	1004	11	46	-376.65	217.46
3	26	98	3	3	10	1003	11	45	-400.95	217.46
3	26	98	3	3	11	1039	11	48	-413.10	238.50
3	26	98	3	3	12	1038	11	47	-437.40	238.50
3	27	99	3	3	1	752	3	16	-388.80	70.15
3	27	99	3	3	2	787	3	15	-400.95	91.19
3	27	99	3	3	3	786	3	14	-425.25	91.19
3	27	99	3	3	4	822	3	13	-437.40	112.24
3	27	99	3	3	5	788	4	20	-376.65	91.19
3	27	99	3	3	6	824	4	19	-388.80	112.24
3	27	99	3	3	7	823	4	18	-413.10	112.24
3	27	99	3	3	8	858	4	17	-425.25	133.28
3	27	99	3	3	9	860	5	22	-376.65	133.28
3	27	99	3	3	10	859	5	21	-400.95	133.28
3	27	99	3	3	11	895	5	24	-413.10	154.33
3	27	99	3	3	12	894	5	23	-437.40	154.33
3	28	100	3	6	1	608	9	40	-388.80	-14.03
3	28	100	3	6	2	643	9	39	-400.95	7.01
3	28	100	3	6	3	642	9	38	-425.25	7.01
3	28	100	3	6	4	678	9	37	-437.40	28.06
3	28	100	3	6	5	644	10	44	-376.65	7.01
3	28	100	3	6	6	680	10	43	-388.80	28.06
3	28	100	3	6	7	679	10	42	-413.10	28.06
3	28	100	3	6	8	714	10	41	-425.25	49.10
3	28	100	3	6	9	716	11	46	-376.65	49.10
3	28	100	3	6	10	715	11	45	-400.95	49.10
3	28	100	3	6	11	751	11	48	-413.10	70.15
3	28	100	3	6	12	750	11	47	-437.40	70.15
3	29	101	3	6	1	464	3	16	-388.80	-98.21
3	29	101	3	6	2	499	3	15	-400.95	-77.16
3	29	101	3	6	3	498	3	14	-425.25	-77.16
3	29	101	3	6	4	534	3	13	-437.40	-56.12
3	29	101	3	6	5	500	4	20	-376.65	-77.16
3	29	101	3	6	6	536	4	19	-388.80	-56.12
3	29	101	3	6	7	535	4	18	-413.10	-56.12
3	29	101	3	6	8	570	4	17	-425.25	-35.07
3	29	101	3	6	9	572	5	22	-376.65	-35.07
3	29	101	3	6	10	571	5	21	-400.95	-35.07
3	29	101	3	6	11	607	5	24	-413.10	-14.03
3	29	101	3	6	12	606	5	23	-437.40	-14.03
3	30	102	3	9	1	320	9	40	-388.80	-182.39
3	30	102	3	9	2	355	9	39	-400.95	-161.34
3	30	102	3	9	3	354	9	38	-425.25	-161.34
3	30	102	3	9	4	390	9	37	-437.40	-140.30
3	30	102	3	9	5	356	10	44	-376.65	-161.34
3	30	102	3	9	6	392	10	43	-388.80	-140.30
3	30	102	3	9	7	391	10	42	-413.10	-140.30
3	30	102	3	9	8	426	10	41	-425.25	-119.25
3	30	102	3	9	9	428	11	46	-376.65	-119.25
3	30	102	3	9	10	427	11	45	-400.95	-119.25
3	30	102	3	9	11	463	11	48	-413.10	-98.21
3	30	102	3	9	12	462	11	47	-437.40	-98.21
3	31	103	3	9	1	176	3	16	-388.80	-266.56
3	31	103	3	9	2	211	3	15	-400.95	-245.52
3	31	103	3	9	3	210	3	14	-425.25	-245.52
3	31	103	3	9	4	246	3	13	-437.40	-224.47
3	31	103	3	9	5	212	4	20	-376.65	-245.52
3	31	103	3	9	6	248	4	19	-388.80	-224.47
3	31	103	3	9	7	247	4	18	-413.10	-224.47
3	31	103	3	9	8	282	4	17	-425.25	-203.43
3	31	103	3	9	9	284	5	22	-376.65	-203.43
3	31	103	3	9	10	283	5	21	-400.95	-203.43
3	31	103	3	9	11	319	5	24	-413.10	-182.39
3	31	103	3	9	12	318	5	23	-437.40	-182.39
3	32	104	3	9	1	117	0	4	-315.90	-308.65
3	32	104	3	9	2	146	0	3	-328.05	-287.61
3	32	104	3	9	3	145	0	2	-352.35	-287.61
3	32	104	3	9	4	177	0	1	-364.50	-266.56
3	32	104	3	9	5	147	1	8	-303.75	-287.61
3	32	104	3	9	6	179	1	7	-315.90	-266.56
3	32	104	3	9	7	178	1	6	-340.20	-266.56
3	32	104	3	9	8	213	1	5	-352.35	-245.52
3	32	104	3	9	9	215	2	10	-303.75	-245.52
3	32	104	3	9	10	214	2	9	-328.05	-245.52
3	32	104	3	9	11	250	2	12	-340.20	-224.47
3	32	104	3	9	12	249	2	11	-364.50	-224.47
3	33	105	3	8	1	70	3	16	-243.00	-350.74
3	33	105	3	8	2	93	3	15	-255.15	-329.70
3	33	105	3	8	3	92	3	14	-279.45	-329.70
3	33	105	3	8	4	118	3	13	-291.60	-308.65
3	33	105	3	8	5	94	4	20	-230.85	-329.70
3	33	105	3	8	6	120	4	19	-243.00	-308.65
3	33	105	3	8	7	119	4	18	-267.30	-308.65
3	33	105	3	8	8	148	4	17	-279.45	-287.61
3	33	105	3	8	9	150	5	22	-230.85	-287.61
3	33	105	3	8	10	149	5	21	-255.15	-287.61
3	33	105	3	8	11	181	5	24	-267.30	-266.56
3	33	105	3	8	12	180	5	23	-291.60	-266.56
3	34	106	3	8	1	35	0	4	-170.10	-392.83
3	34	106	3	8	2	52	0	3	-182.25	-371.79
3	34	106	3	8	3	51	0	2	-206.55	-371.79
3	34	106	3	8	4	71	0	1	-218.70	-350.74
3	34	106	3	8	5	53	1	8	-157.95	-371.79
3	34	106	3	8	6	73	1	7	-170.10	-350.74
3	34	106	3	8	7	72	1	6	-194.40	-350.74
3	34	106	3	8	8	95	1	5	-206.55	-329.70
3	34	106	3	8	9	97	2	10	-157.95	-329.70
3	34	106	3	8	10	96	2	9	-182.25	-329.70
3	34	106	3	8	11	122	2	12	-194.40	-308.65
3	34	106	3	8	12	121	2	11	-218.70	-308.65
3	35	107	3	7	1	12	3	16	-97.20	-434.92
3	35	107	3	7	2	23	3	15	-109.35	-413.87
3	35	107	3	7	3	22	3	14	-133.65	-413.87
3	35	107	3	7	4	36	3	13	-145.80	-392.83
3	35	107	3	7	5	24	4	20	-85.05	-413.87
3	35	107	3	7	6	38	4	19	-97.20	-392.83
3	35	107	3	7	7	37	4	18	-121.50	-392.83
3	35	107	3	7	8	54	4	17	-133.65	-371.79
3	35	107	3	7	9	56	5	22	-85.05	-371.79
3	35	107	3	7	10	55	5	21	-109.35	-371.79
3	35	107	3	7	11	75	5	24	-121.50	-350.74
3	35	107	3	7	12	74	5	23	-145.80	-350.74
3	36	108	3	7	1	1	0	4	-24.30	-477.01
3	36	108	3	7	2	6	0	3	-36.45	-455.96
3	36	108	3	7	3	5	0	2	-60.75	-455.96
3	36	108	3	7	4	13	0	1	-72.90	-434.92
3	36	108	3	7	5	7	1	8	-12.15	-455.96
3	36	108	3	7	6	15	1	7	-24.30	-434.92
3	36	108	3	7	7	14	1	6	-48.60	-434.92
3	36	108	3	7	8	25	1	5	-60.75	-413.87
3	36	108	3	7	9	27	2	10	-12.15	-413.87
3	36	108	3	7	10	26	2	9	-36.45	-413.87
3	36	108	3	7	11	40	2	12	-48.60	-392.83
3	36	108	3	7	12	39	2	11	-72.90	-392.83
